Atlantic,Newfoundland and Labrador,St.John's,2739,191580,29,29,29,14,80,33,8,28580,2046699,209254,130896,638203,2072663,622787,1224463,283544,119703,1259598,128526,18.8,-12.8,-7.7,6.1,0,2,-7.6,-8.3,13.5,18.3,-9.2,0.5,-6.7,13.4,-15.2,-13
Atlantic,Nova Scotia,Halifax,2739,370580,29,27,29,14,78,32,7,34270,2795323,292800,263362,918247,3395791,1012525,1683189,548095,240144,1606549,325767,-5.7,32.6,-10,-6.6,-13,-2.1,11.8,6.7,14.2,-4.8,3.2,2.8,0,3.8,-10.5,3.8
Atlantic,New Brunswick,Moncton,2739,136130,29,28,28,16,79,26,5,31420,2523553,252114,225982,706139,2470528,908923,1624547,384112,196087,1398375,222523,-4.8,-11.1,-12.2,-14.1,7.2,-4.1,1.2,-3.9,14.9,6.4,9.4,-1.3,2.6,-5.2,-2.5,12.8
Atlantic,New Brunswick,Saint John,2739,122510,29,25,30,16,77,27,6,30600,2523553,252114,225982,706139,2470528,908923,1624547,384112,196087,1398375,222523,-4.8,-11.1,-12.2,-14.1,7.2,-4.1,1.2,-3.9,14.9,6.4,9.4,-1.3,2.6,-5.2,-2.5,12.8
Quebec,Quebec,Saguenay,12103,157200,27,23,32,18,77,26,4,30890,24856355,3563396,2752393,7344907,25676164,10213302,12148855,6190957,2356146,10828103,2784029,5.6,-3,0,1.1,-3.4,0.2,-0.6,-2.3,-2,9.1,0.3,-1.2,1.6,9.7,-17.8,9.1
Quebec,Quebec,Quebec,12103,754530,27,26,29,17,81,30,5,35070,24856355,3563396,2752393,7344907,25676164,10213302,12148855,6190957,2356146,10828103,2784029,5.6,-3,0,1.1,-3.4,0.2,-0.6,-2.3,-2,9.1,0.3,-1.2,1.6,9.7,-17.8,9.1
Quebec,Quebec,Sherbrooke,12103,199750,29,25,29,17,77,23,4,28900,24856355,3563396,2752393,7344907,25676164,10213302,12148855,6190957,2356146,10828103,2784029,5.6,-3,0,1.1,-3.4,0.2,-0.6,-2.3,-2,9.1,0.3,-1.2,1.6,9.7,-17.8,9.1
Quebec,Quebec,Trois-Rivieres,12103,149970,27,23,31,20,77,23,4,28120,24856355,3563396,2752393,7344907,25676164,10213302,12148855,6190957,2356146,10828103,2784029,5.6,-3,0,1.1,-3.4,0.2,-0.6,-2.3,-2,9.1,0.3,-1.2,1.6,9.7,-17.8,9.1
Quebec,Quebec,Montreal,12103,3790320,30,28,27,15,76,27,6,30000,24856355,3563396,2752393,7344907,25676164,10213302,12148855,6190957,2356146,10828103,2784029,5.6,-3,0,1.1,-3.4,0.2,-0.6,-2.3,-2,9.1,0.3,-1.2,1.6,9.7,-17.8,9.1
Ontario,Ontario/Quebec,Ottawa-Gatineau,17335,305910,32,27,29,12,80,36,6,37400,35514508,5835892,6328283,9788904,37819131,14141167,20659521,10938296,4012913,22091116,4251791,-2.3,-6.3,-2.8,4.4,-2.8,2.2,-9,-0.1,3.7,4.7,8.8,3.5,-2.7,-1.4,-5.5,-3.7
Ontario,Ontario,Kingston,17335,146270,29,25,28,18,79,33,7,32110,35514508,5835892,6328283,9788904,37819131,14141167,20659521,10938296,4012913,22091116,4251791,-2.3,-6.3,-2.8,4.4,-2.8,2.2,-9,-0.1,3.7,4.7,8.8,3.5,-2.7,-1.4,-5.5,-3.7
Ontario,Ontario,Peterborough,17335,115340,29,22,29,21,77,27,5,30420,35514508,5835892,6328283,9788904,37819131,14141167,20659521,10938296,4012913,22091116,4251791,-2.3,-6.3,-2.8,4.4,-2.8,2.2,-9,-0.1,3.7,4.7,8.8,3.5,-2.7,-1.4,-5.5,-3.7
Ontario,Ontario,Oshawa,17335,352590,33,26,27,13,78,35,8,36250,35514508,5835892,6328283,9788904,37819131,14141167,20659521,10938296,4012913,22091116,4251791,-2.3,-6.3,-2.8,4.4,-2.8,2.2,-9,-0.1,3.7,4.7,8.8,3.5,-2.7,-1.4,-5.5,-3.7
Ontario,Ontario,Toronto,17335,5654750,31,29,27,13,72,30,8,32670,35514508,5835892,6328283,9788904,37819131,14141167,20659521,10938296,4012913,22091116,4251791,-2.3,-6.3,-2.8,4.4,-2.8,2.2,-9,-0.1,3.7,4.7,8.8,3.5,-2.7,-1.4,-5.5,-3.7
Ontario,Ontario,Hamilton,17335,701460,31,25,28,17,77,32,7,33150,35514508,5835892,6328283,9788904,37819131,14141167,20659521,10938296,4012913,22091116,4251791,-2.3,-6.3,-2.8,4.4,-2.8,2.2,-9,-0.1,3.7,4.7,8.8,3.5,-2.7,-1.4,-5.5,-3.7
Ontario,Ontario,St. Catharines-Niagara,17335,385470,29,23,29,20,76,25,5,29200,35514508,5835892,6328283,9788904,37819131,14141167,20659521,10938296,4012913,22091116,4251791,-2.3,-6.3,-2.8,4.4,-2.8,2.2,-9,-0.1,3.7,4.7,8.8,3.5,-2.7,-1.4,-5.5,-3.7
Ontario,Ontario,Kitchener-Cambridge-Waterloo,17335,471610,33,28,26,13,77,32,7,33690,35514508,5835892,6328283,9788904,37819131,14141167,20659521,10938296,4012913,22091116,4251791,-2.3,-6.3,-2.8,4.4,-2.8,2.2,-9,-0.1,3.7,4.7,8.8,3.5,-2.7,-1.4,-5.5,-3.7
Ontario,Ontario,Brantford,17335,131770,32,25,28,16,77,27,5,30330,35514508,5835892,6328283,9788904,37819131,14141167,20659521,10938296,4012913,22091116,4251791,-2.3,-6.3,-2.8,4.4,-2.8,2.2,-9,-0.1,3.7,4.7,8.8,3.5,-2.7,-1.4,-5.5,-3.7
Ontario,Ontario,Guelph,17335,141860,31,27,27,15,79,33,8,36420,35514508,5835892,6328283,9788904,37819131,14141167,20659521,10938296,4012913,22091116,4251791,-2.3,-6.3,-2.8,4.4,-2.8,2.2,-9,-0.1,3.7,4.7,8.8,3.5,-2.7,-1.4,-5.5,-3.7
Ontario,Ontario,London,17335,463390,31,26,27,16,76,30,6,32070,35514508,5835892,6328283,9788904,37819131,14141167,20659521,10938296,4012913,22091116,4251791,-2.3,-6.3,-2.8,4.4,-2.8,2.2,-9,-0.1,3.7,4.7,8.8,3.5,-2.7,-1.4,-5.5,-3.7
Ontario,Ontario,Windsor,17335,323320,32,25,28,16,74,29,5,30800,35514508,5835892,6328283,9788904,37819131,14141167,20659521,10938296,4012913,22091116,4251791,-2.3,-6.3,-2.8,4.4,-2.8,2.2,-9,-0.1,3.7,4.7,8.8,3.5,-2.7,-1.4,-5.5,-3.7
Ontario,Ontario,Barrie,17335,186360,34,26,27,13,77,32,6,32800,35514508,5835892,6328283,9788904,37819131,14141167,20659521,10938296,4012913,22091116,4251791,-2.3,-6.3,-2.8,4.4,-2.8,2.2,-9,-0.1,3.7,4.7,8.8,3.5,-2.7,-1.4,-5.5,-3.7
Ontario,Ontario,GreaterSudburyGrandSudbury,17335,157250,30,25,29,17,79,34,9,36160,35514508,5835892,6328283,9788904,37819131,14141167,20659521,10938296,4012913,22091116,4251791,-2.3,-6.3,-2.8,4.4,-2.8,2.2,-9,-0.1,3.7,4.7,8.8,3.5,-2.7,-1.4,-5.5,-3.7
Ontario,Ontario,Thunder Bay,17335,117250,29,24,30,18,79,32,6,34370,35514508,5835892,6328283,9788904,37819131,14141167,20659521,10938296,4012913,22091116,4251791,-2.3,-6.3,-2.8,4.4,-2.8,2.2,-9,-0.1,3.7,4.7,8.8,3.5,-2.7,-1.4,-5.5,-3.7
Praries,Manitoba ,Winnipeg,12667,728760,32,27,27,15,78,29,5,32670,3858815,533783,560194,1171204,3932963,969757,2402545,659788,371846,2503367,393213,-5.3,-4.4,-4.9,10.7,3,1.4,-1.6,1.2,-13.6,-14.4,5.1,4.8,2.3,3.4,7,-0.3
Praries,Saskatchewan,Regina,12667,218730,32,29,26,13,83,38,10,39230,4544743,496636,558027,1433551,3361216,941860,2926062,615314,337500,2542430,344159,-10.3,4.1,8.5,4.3,-6.4,-4.1,-6.7,8.8,-3.1,15.9,7.2,0.5,-3.5,2.8,-1.2,1.3
Praries,Saskatchewan,Saskatoon,12667,266670,33,30,25,12,81,36,9,37390,4544743,496636,558027,1433551,3361216,941860,2926062,615314,337500,2542430,344159,-10.3,4.1,8.5,4.3,-6.4,-4.1,-6.7,8.8,-3.1,15.9,7.2,0.5,-3.5,2.8,-1.2,1.3
Praries,Alberta,Calgary,12667,1260180,32,33,26,10,80,41,15,40480,19229547,2319124,2568040,3711937,13603878,3770312,9750045,4024933,2004577,8649140,1800006,2.7,-2.9,-4,4.8,7.3,-6,21.5,-2.2,-2.2,5.3,5,10.9,2.8,4.4,6.3,-2.5
Praries,Alberta,Edmonton,12667,1176150,32,31,25,12,82,41,12,40400,19229547,2319124,2568040,3711937,13603878,3770312,9750045,4024933,2004577,8649140,1800006,2.7,-2.9,-4,4.8,7.3,-6,21.5,-2.2,-2.2,5.3,5,10.9,2.8,4.4,6.3,-2.5
British Columbia,British Columbia,Kelowna,5829,176440,27,24,29,20,78,29,6,31470,12990557,2019001,2413636,3044569,15707004,4275573,7357434,3853485,1530216,7082059,1901249,5.6,-3,0,1.1,-3.4,0.2,-0.6,-2.3,-2,9.1,0.3,-1.2,1.6,9.7,-17.8,9.1
British Columbia,British Columbia,Abbotsford,5829,166950,33,27,26,15,74,25,4,27500,12990557,2019001,2413636,3044569,15707004,4275573,7357434,3853485,1530216,7082059,1901249,5.6,-3,0,1.1,-3.4,0.2,-0.6,-2.3,-2,9.1,0.3,-1.2,1.6,9.7,-17.8,9.1
British Columbia,British Columbia,Vancouver,5829,2287620,28,29,29,14,73,29,14,29120,12990557,2019001,2413636,3044569,15707004,4275573,7357434,3853485,1530216,7082059,1901249,5.6,-3,0,1.1,-3.4,0.2,-0.6,-2.3,-2,9.1,0.3,-1.2,1.6,9.7,-17.8,9.1
British Columbia,British Columbia,Victoria,5829,328140,25,26,30,20,80,33,7,35280,12990557,2019001,2413636,3044569,15707004,4275573,7357434,3853485,1530216,7082059,1901249,5.6,-3,0,1.1,-3.4,0.2,-0.6,-2.3,-2,9.1,0.3,-1.2,1.6,9.7,-17.8,9.1
